             SUSPECT2.4 OUTPUT: MSUGRA CASE
             ------------------------------

Input values:
-------------
  m_0        m_1/2      A_0        tan(beta)  sign(mu)
  4000.    -0.1235E+09 -7000.      30.00      1.000    

  M_top      mb_mb      M_tau      1/alpha    sw**2(M_Z)   alpha_S
  173.3      4.000      1.777      127.93     0.2221       0.1180    

  M_GUT      M_EWSB     E_LOW       (input or ouput scales)
 0.1699E+17  1997.      91.19    

Fermion masses and gauge couplings: Q=HIGH/EWSB
---------------------------------------------
  M_top      M_bot      M_tau        g1         g2         g3
  71.54     0.9750      1.366     0.7022     0.7022     0.6989    
  141.6      2.165      1.756     0.4687     0.6368      1.028    

mu parameter and soft terms at M_EWSB:
--------------------------------------
  mu         B          M^2_Hu       M^2_Hd
  2489.      226.4    -0.6167E+07   0.7747E+07

  M_1        M_2        M_3
  437.2      424.7      1190.    

  m_tauR     m_tauL     m_bR       m_tR       m_QL
  3385.      3701.      3552.      1466.      2726.    

  m_eR       m_eL       m_dR       m_uR       m_qL
  4009.      3999.      4061.      4063.      4055.    

  Atau       Abottom    Atop       Al         Ad         Au
 -6159.     -6503.     -3420.     -6701.     -7785.     -5988.    

Mass matrices and mixing angles:
--------------------------------
  tan(beta)  alpha_(h,H)
  29.00    -0.3449E-01

  thet_tau    thet_b           thet_t
  1.509     0.3316E-01  1.474    

  Z(i,j)
  0.9996     -0.1937E-01  0.1910E-01 -0.4017E-02
  0.2001E-01  0.9993     -0.3212E-01  0.6984E-02
  0.1032E-01 -0.1798E-01 -0.7068     -0.7071    
  0.1580E-01 -0.2796E-01 -0.7065      0.7070    

  U(i,j)                  V(i,j)
 -0.9989      0.4593E-01  -1.000      0.9989E-02
  0.4593E-01  0.9989      0.9989E-02   1.000    

Final Higgs and SUSY particle masses: 
------------------------------------- 
  h           H           A           H+
  126.15      3741.5      3741.5      3742.3    

  chi+_1     chi+_2     chi0_1     chi0_2     chi0_3     chi0_4
  458.2      2488.      440.1      458.2     -2486.      2487.    

  gluino
  1459.    

  stop_1     stop_2     sup_1      sup_2
  1518.      2771.      4089.      4098.    

  sbot_1     sbot_2     sdown_1    sdown_2
  2756.      3585.      4090.      4095.    

  stau_1     stau_2     snutau     selec_1    selec_2    snuelec
  3384.      3703.      3701.      3999.      4009.      3998.    

Low-energy/LEP precision parameter values:
 Delta_rho   g_mu -2   Br(b->s gamma)
 0.7883E-05 0.3996E-10 0.3198E-03
Fine-tuning values for info: fine-tuned if >>1
dmZ^2/mZ^2(mu^2) dmZ^2/mZ^2(B.mu) dmt/mt(mu)     dmt/mt(B.mu)
  1497.      7.470      748.4      3.734    

Warning/Error Flags: errmess(1)-(10):
-------------------------------------
   0. 0. 0. 0. 0. 0. 0. 0. 0. 0.
---------------------------------
errmess(i)= 0: Everything is fine.
errmess(1)=-1: tachyon 3rd gen. sfermion from RGE
errmess(2)=-1: tachyon 1,2 gen. sfermion from RGE
errmess(3)=-1: tachyon A    (maybe temporary: see final mass) 
errmess(4)=-1: tachyon 3rd gen. sfermion from mixing
errmess(5)=-1: mu unstable after many iter
errmess(6)=-1: non-convergent mu from EWSB 
errmess(7)=-1: EWSB maybe inconsistent        (!but RG-improved only check)
errmess(8)=-1: V_eff maybe UFB or CCB         (!but RG-improved only check)
errmess(9)=-1: Higgs boson masses are NaN 
errmess(10)=-1: RGE problems (non-pert and/or Landau poles)
